16
2
3
    { 1, 2, 23, 34, 84, 123, 136, 142, 146, 160, 176, 201, 227, 230, 232, 239, 247 }
    { 1, 3, 10, 18, 45, 46, 67, 78, 128, 167, 180, 186, 190, 204, 220, 245, 271 }
    { 2, 27, 53, 56, 58, 65, 73, 100, 101, 122, 133, 183, 222, 235, 241, 245, 259 }
    { 2, 6, 20, 36, 61, 87, 90, 92, 99, 107, 134, 135, 156, 167, 217, 256, 269 }
    { 1, 12, 62, 101, 114, 120, 124, 138, 154, 179, 205, 208, 210, 217, 225, 252, 253 }
    { 2, 8, 12, 26, 42, 67, 93, 96, 98, 105, 113, 140, 141, 162, 173, 223, 262 }
    { 1, 14, 20, 24, 38, 54, 79, 105, 108, 110, 117, 125, 152, 153, 174, 185, 235 }
    { 9, 25, 50, 76, 79, 81, 88, 96, 123, 124, 145, 156, 206, 245, 258, 264, 268 }
    { 2, 5, 7, 14, 22, 49, 50, 71, 82, 132, 171, 184, 190, 194, 208, 224, 249 }
    { 1, 7, 11, 25, 41, 66, 92, 95, 97, 104, 112, 139, 140, 161, 172, 222, 261 }
    { 2, 28, 31, 33, 40, 48, 75, 76, 97, 108, 158, 197, 210, 216, 220, 234, 250 }
    { 23, 26, 28, 35, 43, 70, 71, 92, 103, 153, 192, 205, 211, 215, 229, 245, 270 }
    { 15, 28, 34, 38, 52, 68, 93, 119, 122, 124, 131, 139, 166, 167, 188, 199, 249 }
    { 3, 28, 54, 57, 59, 66, 74, 101, 102, 123, 134, 184, 223, 236, 242, 246, 260 }
    { 1, 40, 53, 59, 63, 77, 93, 118, 144, 147, 149, 156, 164, 191, 192, 213, 224 }
    { 2, 52, 91, 104, 110, 114, 128, 144, 169, 195, 198, 200, 207, 215, 242, 243, 264 }
    { 19, 20, 41, 52, 102, 141, 154, 160, 164, 178, 194, 219, 245, 248, 250, 257, 265 }
    { 1, 22, 33, 83, 122, 135, 141, 145, 159, 175, 200, 226, 229, 231, 238, 246, 273 }
    { 2, 29, 30, 51, 62, 112, 151, 164, 170, 174, 188, 204, 229, 255, 258, 260, 267 }
    { 2, 13, 63, 102, 115, 121, 125, 139, 155, 180, 206, 209, 211, 218, 226, 253, 254 }
    { 16, 29, 35, 39, 53, 69, 94, 120, 123, 125, 132, 140, 167, 168, 189, 200, 250 }
    { 10, 16, 20, 34, 50, 75, 101, 104, 106, 113, 121, 148, 149, 170, 181, 231, 270 }
    { 4, 29, 55, 58, 60, 67, 75, 102, 103, 124, 135, 185, 224, 237, 243, 247, 261 }
    { 17, 43, 46, 48, 55, 63, 90, 91, 112, 123, 173, 212, 225, 231, 235, 249, 265 }
    { 3, 29, 32, 34, 41, 49, 76, 77, 98, 109, 159, 198, 211, 217, 221, 235, 251 }
    { 2, 3, 24, 35, 85, 124, 137, 143, 147, 161, 177, 202, 228, 231, 233, 240, 248 }
    { 4, 54, 93, 106, 112, 116, 130, 146, 171, 197, 200, 202, 209, 217, 244, 245, 266 }
    { 1, 27, 30, 32, 39, 47, 74, 75, 96, 107, 157, 196, 209, 215, 219, 233, 249 }
    { 2, 15, 21, 25, 39, 55, 80, 106, 109, 111, 118, 126, 153, 154, 175, 186, 236 }
    { 2, 10, 37, 38, 59, 70, 120, 159, 172, 178, 182, 196, 212, 237, 263, 266, 268 }
    { 22, 23, 44, 55, 105, 144, 157, 163, 167, 181, 197, 222, 248, 251, 253, 260, 268 }
    { 18, 19, 40, 51, 101, 140, 153, 159, 163, 177, 193, 218, 244, 247, 249, 256, 264 }
    { 21, 32, 82, 121, 134, 140, 144, 158, 174, 199, 225, 228, 230, 237, 245, 272, 273  
    }
    { 1, 9, 36, 37, 58, 69, 119, 158, 171, 177, 181, 195, 211, 236, 262, 265, 267 }
    { 1, 26, 52, 55, 57, 64, 72, 99, 100, 121, 132, 182, 221, 234, 240, 244, 258 }
    { 2, 16, 32, 57, 83, 86, 88, 95, 103, 130, 131, 152, 163, 213, 252, 265, 271 }
    { 2, 18, 43, 69, 72, 74, 81, 89, 116, 117, 138, 149, 199, 238, 251, 257, 261 }
    { 7, 34, 35, 56, 67, 117, 156, 169, 175, 179, 193, 209, 234, 260, 263, 265, 272 }
    { 14, 27, 33, 37, 51, 67, 92, 118, 121, 123, 130, 138, 165, 166, 187, 198, 248 }
    { 25, 28, 30, 37, 45, 72, 73, 94, 105, 155, 194, 207, 213, 217, 231, 247, 272 }
    { 7, 46, 59, 65, 69, 83, 99, 124, 150, 153, 155, 162, 170, 197, 198, 219, 230 }
    { 17, 30, 36, 40, 54, 70, 95, 121, 124, 126, 133, 141, 168, 169, 190, 201, 251 }
    { 31, 70, 83, 89, 93, 107, 123, 148, 174, 177, 179, 186, 194, 221, 222, 243, 254 }
    { 11, 22, 72, 111, 124, 130, 134, 148, 164, 189, 215, 218, 220, 227, 235, 262, 263 
    }
    { 3, 30, 31, 52, 63, 113, 152, 165, 171, 175, 189, 205, 230, 256, 259, 261, 268 }
    { 3, 5, 12, 20, 47, 48, 69, 80, 130, 169, 182, 188, 192, 206, 222, 247, 273 }
    { 2, 4, 11, 19, 46, 47, 68, 79, 129, 168, 181, 187, 191, 205, 221, 246, 272 }
    { 12, 51, 64, 70, 74, 88, 104, 129, 155, 158, 160, 167, 175, 202, 203, 224, 235 }
    { 6, 32, 35, 37, 44, 52, 79, 80, 101, 112, 162, 201, 214, 220, 224, 238, 254 }
    { 12, 37, 63, 66, 68, 75, 83, 110, 111, 132, 143, 193, 232, 245, 251, 255, 269 }
    { 1, 8, 16, 43, 44, 65, 76, 126, 165, 178, 184, 188, 202, 218, 243, 269, 272 }
    { 1, 15, 31, 56, 82, 85, 87, 94, 102, 129, 130, 151, 162, 212, 251, 264, 270 }
    { 2, 41, 54, 60, 64, 78, 94, 119, 145, 148, 150, 157, 165, 192, 193, 214, 225 }
    { 2, 9, 17, 44, 45, 66, 77, 127, 166, 179, 185, 189, 203, 219, 244, 270, 273 }
    { 9, 10, 31, 42, 92, 131, 144, 150, 154, 168, 184, 209, 235, 238, 240, 247, 255 }
    { 5, 44, 57, 63, 67, 81, 97, 122, 148, 151, 153, 160, 168, 195, 196, 217, 228 }
    { 7, 15, 42, 43, 64, 75, 125, 164, 177, 183, 187, 201, 217, 242, 268, 271, 273 }
    { 6, 14, 41, 42, 63, 74, 124, 163, 176, 182, 186, 200, 216, 241, 267, 270, 272 }
    { 21, 24, 26, 33, 41, 68, 69, 90, 101, 151, 190, 203, 209, 213, 227, 243, 268 }
    { 7, 13, 17, 31, 47, 72, 98, 101, 103, 110, 118, 145, 146, 167, 178, 228, 267 }
    { 33, 72, 85, 91, 95, 109, 125, 150, 176, 179, 181, 188, 196, 223, 224, 245, 256 }
    { 6, 31, 57, 60, 62, 69, 77, 104, 105, 126, 137, 187, 226, 239, 245, 249, 263 }
    { 1, 17, 42, 68, 71, 73, 80, 88, 115, 116, 137, 148, 198, 237, 250, 256, 260 }
    { 1, 51, 90, 103, 109, 113, 127, 143, 168, 194, 197, 199, 206, 214, 241, 242, 263 }
    { 35, 74, 87, 93, 97, 111, 127, 152, 178, 181, 183, 190, 198, 225, 226, 247, 258 }
    { 8, 34, 37, 39, 46, 54, 81, 82, 103, 114, 164, 203, 216, 222, 226, 240, 256 }
    { 7, 57, 96, 109, 115, 119, 133, 149, 174, 200, 203, 205, 212, 220, 247, 248, 269 }
    { 9, 34, 60, 63, 65, 72, 80, 107, 108, 129, 140, 190, 229, 242, 248, 252, 266 }
    { 4, 15, 65, 104, 117, 123, 127, 141, 157, 182, 208, 211, 213, 220, 228, 255, 256 }
    { 9, 12, 14, 21, 29, 56, 57, 78, 89, 139, 178, 191, 197, 201, 215, 231, 256 }
    { 40, 79, 92, 98, 102, 116, 132, 157, 183, 186, 188, 195, 203, 230, 231, 252, 263 }
    { 6, 12, 16, 30, 46, 71, 97, 100, 102, 109, 117, 144, 145, 166, 177, 227, 266 }
    { 10, 26, 51, 77, 80, 82, 89, 97, 124, 125, 146, 157, 207, 246, 259, 265, 269 }
    { 47, 86, 99, 105, 109, 123, 139, 164, 190, 193, 195, 202, 210, 237, 238, 259, 270 
    }
    { 5, 16, 66, 105, 118, 124, 128, 142, 158, 183, 209, 212, 214, 221, 229, 256, 257 }
    { 34, 73, 86, 92, 96, 110, 126, 151, 177, 180, 182, 189, 197, 224, 225, 246, 257 }
    { 3, 16, 22, 26, 40, 56, 81, 107, 110, 112, 119, 127, 154, 155, 176, 187, 237 }
    { 8, 24, 49, 75, 78, 80, 87, 95, 122, 123, 144, 155, 205, 244, 257, 263, 267 }
    { 20, 33, 39, 43, 57, 73, 98, 124, 127, 129, 136, 144, 171, 172, 193, 204, 254 }
    { 32, 71, 84, 90, 94, 108, 124, 149, 175, 178, 180, 187, 195, 222, 223, 244, 255 }
    { 3, 42, 55, 61, 65, 79, 95, 120, 146, 149, 151, 158, 166, 193, 194, 215, 226 }
    { 3, 53, 92, 105, 111, 115, 129, 145, 170, 196, 199, 201, 208, 216, 243, 244, 265 }
    { 3, 14, 64, 103, 116, 122, 126, 140, 156, 181, 207, 210, 212, 219, 227, 254, 255 }
    { 1, 28, 29, 50, 61, 111, 150, 163, 169, 173, 187, 203, 228, 254, 257, 259, 266 }
    { 20, 23, 25, 32, 40, 67, 68, 89, 100, 150, 189, 202, 208, 212, 226, 242, 267 }
    { 13, 16, 18, 25, 33, 60, 61, 82, 93, 143, 182, 195, 201, 205, 219, 235, 260 }
    { 6, 17, 67, 106, 119, 125, 129, 143, 159, 184, 210, 213, 215, 222, 230, 257, 258 }
    { 9, 35, 38, 40, 47, 55, 82, 83, 104, 115, 165, 204, 217, 223, 227, 241, 257 }
    { 25, 64, 77, 83, 87, 101, 117, 142, 168, 171, 173, 180, 188, 215, 216, 237, 248 }
    { 8, 9, 30, 41, 91, 130, 143, 149, 153, 167, 183, 208, 234, 237, 239, 246, 254 }
    { 5, 55, 94, 107, 113, 117, 131, 147, 172, 198, 201, 203, 210, 218, 245, 246, 267 }
    { 22, 61, 74, 80, 84, 98, 114, 139, 165, 168, 170, 177, 185, 212, 213, 234, 245 }
    { 1, 5, 19, 35, 60, 86, 89, 91, 98, 106, 133, 134, 155, 166, 216, 255, 268 }
    { 1, 4, 6, 13, 21, 48, 49, 70, 81, 131, 170, 183, 189, 193, 207, 223, 248 }
    { 4, 20, 45, 71, 74, 76, 83, 91, 118, 119, 140, 151, 201, 240, 253, 259, 263 }
    { 17, 20, 22, 29, 37, 64, 65, 86, 97, 147, 186, 199, 205, 209, 223, 239, 264 }
    { 18, 29, 79, 118, 131, 137, 141, 155, 171, 196, 222, 225, 227, 234, 242, 269, 270 
    }
    { 12, 23, 73, 112, 125, 131, 135, 149, 165, 190, 216, 219, 221, 228, 236, 263, 264 
    }
    { 12, 38, 41, 43, 50, 58, 85, 86, 107, 118, 168, 207, 220, 226, 230, 244, 260 }
    { 21, 60, 73, 79, 83, 97, 113, 138, 164, 167, 169, 176, 184, 211, 212, 233, 244 }
    { 12, 15, 17, 24, 32, 59, 60, 81, 92, 142, 181, 194, 200, 204, 218, 234, 259 }
    { 19, 32, 38, 42, 56, 72, 97, 123, 126, 128, 135, 143, 170, 171, 192, 203, 253 }
    { 13, 19, 23, 37, 53, 78, 104, 107, 109, 116, 124, 151, 152, 173, 184, 234, 273 }
    { 13, 24, 74, 113, 126, 132, 136, 150, 166, 191, 217, 220, 222, 229, 237, 264, 265 
    }
    { 14, 30, 55, 81, 84, 86, 93, 101, 128, 129, 150, 161, 211, 250, 263, 269, 273 }
    { 9, 48, 61, 67, 71, 85, 101, 126, 152, 155, 157, 164, 172, 199, 200, 221, 232 }
    { 11, 37, 40, 42, 49, 57, 84, 85, 106, 117, 167, 206, 219, 225, 229, 243, 259 }
    { 14, 25, 75, 114, 127, 133, 137, 151, 167, 192, 218, 221, 223, 230, 238, 265, 266 
    }
    { 4, 8, 22, 38, 63, 89, 92, 94, 101, 109, 136, 137, 158, 169, 219, 258, 271 }
    { 14, 15, 36, 47, 97, 136, 149, 155, 159, 173, 189, 214, 240, 243, 245, 252, 260 }
    { 7, 8, 29, 40, 90, 129, 142, 148, 152, 166, 182, 207, 233, 236, 238, 245, 253 }
    { 34, 47, 53, 57, 71, 87, 112, 138, 141, 143, 150, 158, 185, 186, 207, 218, 268 }
    { 36, 75, 88, 94, 98, 112, 128, 153, 179, 182, 184, 191, 199, 226, 227, 248, 259 }
    { 13, 14, 35, 46, 96, 135, 148, 154, 158, 172, 188, 213, 239, 242, 244, 251, 259 }
    { 13, 26, 32, 36, 50, 66, 91, 117, 120, 122, 129, 137, 164, 165, 186, 197, 247 }
    { 8, 58, 97, 110, 116, 120, 134, 150, 175, 201, 204, 206, 213, 221, 248, 249, 270 }
    { 37, 76, 89, 95, 99, 113, 129, 154, 180, 183, 185, 192, 200, 227, 228, 249, 260 }
    { 15, 41, 44, 46, 53, 61, 88, 89, 110, 121, 171, 210, 223, 229, 233, 247, 263 }
    { 8, 33, 59, 62, 64, 71, 79, 106, 107, 128, 139, 189, 228, 241, 247, 251, 265 }
    { 22, 25, 27, 34, 42, 69, 70, 91, 102, 152, 191, 204, 210, 214, 228, 244, 269 }
    { 7, 20, 26, 30, 44, 60, 85, 111, 114, 116, 123, 131, 158, 159, 180, 191, 241 }
    { 13, 39, 42, 44, 51, 59, 86, 87, 108, 119, 169, 208, 221, 227, 231, 245, 261 }
    { 26, 39, 45, 49, 63, 79, 104, 130, 133, 135, 142, 150, 177, 178, 199, 210, 260 }
    { 5, 6, 27, 38, 88, 127, 140, 146, 150, 164, 180, 205, 231, 234, 236, 243, 251 }
    { 8, 11, 13, 20, 28, 55, 56, 77, 88, 138, 177, 190, 196, 200, 214, 230, 255 }
    { 25, 38, 44, 48, 62, 78, 103, 129, 132, 134, 141, 149, 176, 177, 198, 209, 259 }
    { 10, 60, 99, 112, 118, 122, 136, 152, 177, 203, 206, 208, 215, 223, 250, 251, 272 
    }
    { 4, 7, 9, 16, 24, 51, 52, 73, 84, 134, 173, 186, 192, 196, 210, 226, 251 }
    { 8, 21, 27, 31, 45, 61, 86, 112, 115, 117, 124, 132, 159, 160, 181, 192, 242 }
    { 18, 44, 47, 49, 56, 64, 91, 92, 113, 124, 174, 213, 226, 232, 236, 250, 266 }
    { 14, 17, 19, 26, 34, 61, 62, 83, 94, 144, 183, 196, 202, 206, 220, 236, 261 }
    { 20, 46, 49, 51, 58, 66, 93, 94, 115, 126, 176, 215, 228, 234, 238, 252, 268 }
    { 24, 63, 76, 82, 86, 100, 116, 141, 167, 170, 172, 179, 187, 214, 215, 236, 247 }
    { 3, 17, 33, 58, 84, 87, 89, 96, 104, 131, 132, 153, 164, 214, 253, 266, 272 }
    { 3, 6, 8, 15, 23, 50, 51, 72, 83, 133, 172, 185, 191, 195, 209, 225, 250 }
    { 11, 24, 30, 34, 48, 64, 89, 115, 118, 120, 127, 135, 162, 163, 184, 195, 245 }
    { 6, 45, 58, 64, 68, 82, 98, 123, 149, 152, 154, 161, 169, 196, 197, 218, 229 }
    { 11, 61, 100, 113, 119, 123, 137, 153, 178, 204, 207, 209, 216, 224, 251, 252, 273 
    }
    { 48, 87, 100, 106, 110, 124, 140, 165, 191, 194, 196, 203, 211, 238, 239, 260, 271 
    }
    { 3, 11, 38, 39, 60, 71, 121, 160, 173, 179, 183, 197, 213, 238, 264, 267, 269 }
    { 3, 4, 25, 36, 86, 125, 138, 144, 148, 162, 178, 203, 229, 232, 234, 241, 249 }
    { 3, 9, 13, 27, 43, 68, 94, 97, 99, 106, 114, 141, 142, 163, 174, 224, 263 }
    { 3, 7, 21, 37, 62, 88, 91, 93, 100, 108, 135, 136, 157, 168, 218, 257, 270 }
    { 10, 49, 62, 68, 72, 86, 102, 127, 153, 156, 158, 165, 173, 200, 201, 222, 233 }
    { 36, 49, 55, 59, 73, 89, 114, 140, 143, 145, 152, 160, 187, 188, 209, 220, 270 }
    { 20, 31, 81, 120, 133, 139, 143, 157, 173, 198, 224, 227, 229, 236, 244, 271, 272 
    }
    { 50, 89, 102, 108, 112, 126, 142, 167, 193, 196, 198, 205, 213, 240, 241, 262, 273 
    }
    { 38, 51, 57, 61, 75, 91, 116, 142, 145, 147, 154, 162, 189, 190, 211, 222, 272 }
    { 39, 52, 58, 62, 76, 92, 117, 143, 146, 148, 155, 163, 190, 191, 212, 223, 273 }
    { 30, 69, 82, 88, 92, 106, 122, 147, 173, 176, 178, 185, 193, 220, 221, 242, 253 }
    { 12, 25, 31, 35, 49, 65, 90, 116, 119, 121, 128, 136, 163, 164, 185, 196, 246 }
    { 5, 31, 34, 36, 43, 51, 78, 79, 100, 111, 161, 200, 213, 219, 223, 237, 253 }
    { 12, 28, 53, 79, 82, 84, 91, 99, 126, 127, 148, 159, 209, 248, 261, 267, 271 }
    { 17, 18, 39, 50, 100, 139, 152, 158, 162, 176, 192, 217, 243, 246, 248, 255, 263 }
    { 19, 30, 80, 119, 132, 138, 142, 156, 172, 197, 223, 226, 228, 235, 243, 270, 271 
    }
    { 16, 41, 67, 70, 72, 79, 87, 114, 115, 136, 147, 197, 236, 249, 255, 259, 273 }
    { 4, 43, 56, 62, 66, 80, 96, 121, 147, 150, 152, 159, 167, 194, 195, 216, 227 }
    { 5, 32, 33, 54, 65, 115, 154, 167, 173, 177, 191, 207, 232, 258, 261, 263, 270 }
    { 5, 11, 15, 29, 45, 70, 96, 99, 101, 108, 116, 143, 144, 165, 176, 226, 265 }
    { 16, 17, 38, 49, 99, 138, 151, 157, 161, 175, 191, 216, 242, 245, 247, 254, 262 }
    { 7, 32, 58, 61, 63, 70, 78, 105, 106, 127, 138, 188, 227, 240, 246, 250, 264 }
    { 33, 46, 52, 56, 70, 86, 111, 137, 140, 142, 149, 157, 184, 185, 206, 217, 267 }
    { 9, 15, 19, 33, 49, 74, 100, 103, 105, 112, 120, 147, 148, 169, 180, 230, 269 }
    { 37, 50, 56, 60, 74, 90, 115, 141, 144, 146, 153, 161, 188, 189, 210, 221, 271 }
    { 17, 28, 78, 117, 130, 136, 140, 154, 170, 195, 221, 224, 226, 233, 241, 268, 269 
    }
    { 6, 19, 25, 29, 43, 59, 84, 110, 113, 115, 122, 130, 157, 158, 179, 190, 240 }
    { 5, 8, 10, 17, 25, 52, 53, 74, 85, 135, 174, 187, 193, 197, 211, 227, 252 }
    { 13, 29, 54, 80, 83, 85, 92, 100, 127, 128, 149, 160, 210, 249, 262, 268, 272 }
    { 16, 19, 21, 28, 36, 63, 64, 85, 96, 146, 185, 198, 204, 208, 222, 238, 263 }
    { 8, 35, 36, 57, 68, 118, 157, 170, 176, 180, 194, 210, 235, 261, 264, 266, 273 }
    { 13, 38, 64, 67, 69, 76, 84, 111, 112, 133, 144, 194, 233, 246, 252, 256, 270 }
    { 6, 7, 28, 39, 89, 128, 141, 147, 151, 165, 181, 206, 232, 235, 237, 244, 252 }
    { 24, 37, 43, 47, 61, 77, 102, 128, 131, 133, 140, 148, 175, 176, 197, 208, 258 }
    { 10, 21, 71, 110, 123, 129, 133, 147, 163, 188, 214, 217, 219, 226, 234, 261, 262 
    }
    { 7, 23, 48, 74, 77, 79, 86, 94, 121, 122, 143, 154, 204, 243, 256, 262, 266 }
    { 4, 12, 39, 40, 61, 72, 122, 161, 174, 180, 184, 198, 214, 239, 265, 268, 270 }
    { 8, 19, 69, 108, 121, 127, 131, 145, 161, 186, 212, 215, 217, 224, 232, 259, 260 }
    { 27, 66, 79, 85, 89, 103, 119, 144, 170, 173, 175, 182, 190, 217, 218, 239, 250 }
    { 45, 84, 97, 103, 107, 121, 137, 162, 188, 191, 193, 200, 208, 235, 236, 257, 268 
    }
    { 30, 43, 49, 53, 67, 83, 108, 134, 137, 139, 146, 154, 181, 182, 203, 214, 264 }
    { 44, 83, 96, 102, 106, 120, 136, 161, 187, 190, 192, 199, 207, 234, 235, 256, 267 
    }
    { 28, 67, 80, 86, 90, 104, 120, 145, 171, 174, 176, 183, 191, 218, 219, 240, 251 }
    { 49, 88, 101, 107, 111, 125, 141, 166, 192, 195, 197, 204, 212, 239, 240, 261, 272 
    }
    { 21, 22, 43, 54, 104, 143, 156, 162, 166, 180, 196, 221, 247, 250, 252, 259, 267 }
    { 11, 27, 52, 78, 81, 83, 90, 98, 125, 126, 147, 158, 208, 247, 260, 266, 270 }
    { 5, 30, 56, 59, 61, 68, 76, 103, 104, 125, 136, 186, 225, 238, 244, 248, 262 }
    { 10, 36, 39, 41, 48, 56, 83, 84, 105, 116, 166, 205, 218, 224, 228, 242, 258 }
    { 10, 35, 61, 64, 66, 73, 81, 108, 109, 130, 141, 191, 230, 243, 249, 253, 267 }
    { 6, 33, 34, 55, 66, 116, 155, 168, 174, 178, 192, 208, 233, 259, 262, 264, 271 }
    { 28, 41, 47, 51, 65, 81, 106, 132, 135, 137, 144, 152, 179, 180, 201, 212, 262 }
    { 6, 9, 11, 18, 26, 53, 54, 75, 86, 136, 175, 188, 194, 198, 212, 228, 253 }
    { 27, 28, 49, 60, 110, 149, 162, 168, 172, 186, 202, 227, 253, 256, 258, 265, 273 }
    { 38, 77, 90, 96, 100, 114, 130, 155, 181, 184, 186, 193, 201, 228, 229, 250, 261 }
    { 14, 39, 65, 68, 70, 77, 85, 112, 113, 134, 145, 195, 234, 247, 253, 257, 271 }
    { 4, 18, 34, 59, 85, 88, 90, 97, 105, 132, 133, 154, 165, 215, 254, 267, 273 }
    { 19, 58, 71, 77, 81, 95, 111, 136, 162, 165, 167, 174, 182, 209, 210, 231, 242 }
    { 39, 78, 91, 97, 101, 115, 131, 156, 182, 185, 187, 194, 202, 229, 230, 251, 262 }
    { 24, 25, 46, 57, 107, 146, 159, 165, 169, 183, 199, 224, 250, 253, 255, 262, 270 }
    { 7, 18, 68, 107, 120, 126, 130, 144, 160, 185, 211, 214, 216, 223, 231, 258, 259 }
    { 29, 68, 81, 87, 91, 105, 121, 146, 172, 175, 177, 184, 192, 219, 220, 241, 252 }
    { 4, 31, 32, 53, 64, 114, 153, 166, 172, 176, 190, 206, 231, 257, 260, 262, 269 }
    { 23, 24, 45, 56, 106, 145, 158, 164, 168, 182, 198, 223, 249, 252, 254, 261, 269 }
    { 13, 52, 65, 71, 75, 89, 105, 130, 156, 159, 161, 168, 176, 203, 204, 225, 236 }
    { 5, 18, 24, 28, 42, 58, 83, 109, 112, 114, 121, 129, 156, 157, 178, 189, 239 }
    { 24, 50, 53, 55, 62, 70, 97, 98, 119, 130, 180, 219, 232, 238, 242, 256, 272 }
    { 12, 18, 22, 36, 52, 77, 103, 106, 108, 115, 123, 150, 151, 172, 183, 233, 272 }
    { 6, 56, 95, 108, 114, 118, 132, 148, 173, 199, 202, 204, 211, 219, 246, 247, 268 }
    { 46, 85, 98, 104, 108, 122, 138, 163, 189, 192, 194, 201, 209, 236, 237, 258, 269 
    }
    { 23, 62, 75, 81, 85, 99, 115, 140, 166, 169, 171, 178, 186, 213, 214, 235, 246 }
    { 19, 22, 24, 31, 39, 66, 67, 88, 99, 149, 188, 201, 207, 211, 225, 241, 266 }
    { 15, 54, 67, 73, 77, 91, 107, 132, 158, 161, 163, 170, 178, 205, 206, 227, 238 }
    { 23, 36, 42, 46, 60, 76, 101, 127, 130, 132, 139, 147, 174, 175, 196, 207, 257 }
    { 21, 34, 40, 44, 58, 74, 99, 125, 128, 130, 137, 145, 172, 173, 194, 205, 255 }
    { 5, 13, 40, 41, 62, 73, 123, 162, 175, 181, 185, 199, 215, 240, 266, 269, 271 }
    { 3, 19, 44, 70, 73, 75, 82, 90, 117, 118, 139, 150, 200, 239, 252, 258, 262 }
    { 19, 45, 48, 50, 57, 65, 92, 93, 114, 125, 175, 214, 227, 233, 237, 251, 267 }
    { 18, 31, 37, 41, 55, 71, 96, 122, 125, 127, 134, 142, 169, 170, 191, 202, 252 }
    { 27, 40, 46, 50, 64, 80, 105, 131, 134, 136, 143, 151, 178, 179, 200, 211, 261 }
    { 6, 22, 47, 73, 76, 78, 85, 93, 120, 121, 142, 153, 203, 242, 255, 261, 265 }
    { 31, 44, 50, 54, 68, 84, 109, 135, 138, 140, 147, 155, 182, 183, 204, 215, 265 }
    { 21, 47, 50, 52, 59, 67, 94, 95, 116, 127, 177, 216, 229, 235, 239, 253, 269 }
    { 9, 20, 70, 109, 122, 128, 132, 146, 162, 187, 213, 216, 218, 225, 233, 260, 261 }
    { 20, 21, 42, 53, 103, 142, 155, 161, 165, 179, 195, 220, 246, 249, 251, 258, 266 }
    { 11, 14, 16, 23, 31, 58, 59, 80, 91, 141, 180, 193, 199, 203, 217, 233, 258 }
    { 35, 48, 54, 58, 72, 88, 113, 139, 142, 144, 151, 159, 186, 187, 208, 219, 269 }
    { 10, 11, 32, 43, 93, 132, 145, 151, 155, 169, 185, 210, 236, 239, 241, 248, 256 }
    { 9, 22, 28, 32, 46, 62, 87, 113, 116, 118, 125, 133, 160, 161, 182, 193, 243 }
    { 26, 29, 31, 38, 46, 73, 74, 95, 106, 156, 195, 208, 214, 218, 232, 248, 273 }
    { 25, 51, 54, 56, 63, 71, 98, 99, 120, 131, 181, 220, 233, 239, 243, 257, 273 }
    { 15, 40, 66, 69, 71, 78, 86, 113, 114, 135, 146, 196, 235, 248, 254, 258, 272 }
    { 26, 65, 78, 84, 88, 102, 118, 143, 169, 172, 174, 181, 189, 216, 217, 238, 249 }
    { 26, 27, 48, 59, 109, 148, 161, 167, 171, 185, 201, 226, 252, 255, 257, 264, 272 }
    { 43, 82, 95, 101, 105, 119, 135, 160, 186, 189, 191, 198, 206, 233, 234, 255, 266 
    }
    { 16, 55, 68, 74, 78, 92, 108, 133, 159, 162, 164, 171, 179, 206, 207, 228, 239 }
    { 7, 10, 12, 19, 27, 54, 55, 76, 87, 137, 176, 189, 195, 199, 213, 229, 254 }
    { 11, 12, 33, 44, 94, 133, 146, 152, 156, 170, 186, 211, 237, 240, 242, 249, 257 }
    { 8, 14, 18, 32, 48, 73, 99, 102, 104, 111, 119, 146, 147, 168, 179, 229, 268 }
    { 41, 80, 93, 99, 103, 117, 133, 158, 184, 187, 189, 196, 204, 231, 232, 253, 264 }
    { 7, 33, 36, 38, 45, 53, 80, 81, 102, 113, 163, 202, 215, 221, 225, 239, 255 }
    { 16, 27, 77, 116, 129, 135, 139, 153, 169, 194, 220, 223, 225, 232, 240, 267, 268 
    }
    { 32, 45, 51, 55, 69, 85, 110, 136, 139, 141, 148, 156, 183, 184, 205, 216, 266 }
    { 15, 18, 20, 27, 35, 62, 63, 84, 95, 145, 184, 197, 203, 207, 221, 237, 262 }
    { 8, 47, 60, 66, 70, 84, 100, 125, 151, 154, 156, 163, 171, 198, 199, 220, 231 }
    { 11, 17, 21, 35, 51, 76, 102, 105, 107, 114, 122, 149, 150, 171, 182, 232, 271 }
    { 42, 81, 94, 100, 104, 118, 134, 159, 185, 188, 190, 197, 205, 232, 233, 254, 265 
    }
    { 14, 40, 43, 45, 52, 60, 87, 88, 109, 120, 170, 209, 222, 228, 232, 246, 262 }
    { 4, 17, 23, 27, 41, 57, 82, 108, 111, 113, 120, 128, 155, 156, 177, 188, 238 }
    { 10, 23, 29, 33, 47, 63, 88, 114, 117, 119, 126, 134, 161, 162, 183, 194, 244 }
    { 12, 13, 34, 45, 95, 134, 147, 153, 157, 171, 187, 212, 238, 241, 243, 250, 258 }
    { 4, 10, 14, 28, 44, 69, 95, 98, 100, 107, 115, 142, 143, 164, 175, 225, 264 }
    { 25, 26, 47, 58, 108, 147, 160, 166, 170, 184, 200, 225, 251, 254, 256, 263, 271 }
    { 18, 57, 70, 76, 80, 94, 110, 135, 161, 164, 166, 173, 181, 208, 209, 230, 241 }
    { 17, 56, 69, 75, 79, 93, 109, 134, 160, 163, 165, 172, 180, 207, 208, 229, 240 }
    { 20, 59, 72, 78, 82, 96, 112, 137, 163, 166, 168, 175, 183, 210, 211, 232, 243 }
    { 15, 16, 37, 48, 98, 137, 150, 156, 160, 174, 190, 215, 241, 244, 246, 253, 261 }
    { 14, 53, 66, 72, 76, 90, 106, 131, 157, 160, 162, 169, 177, 204, 205, 226, 237 }
    { 15, 26, 76, 115, 128, 134, 138, 152, 168, 193, 219, 222, 224, 231, 239, 266, 267 
    }
    { 5, 9, 23, 39, 64, 90, 93, 95, 102, 110, 137, 138, 159, 170, 220, 259, 272 }
    { 22, 48, 51, 53, 60, 68, 95, 96, 117, 128, 178, 217, 230, 236, 240, 254, 270 }
    { 22, 35, 41, 45, 59, 75, 100, 126, 129, 131, 138, 146, 173, 174, 195, 206, 256 }
    { 29, 42, 48, 52, 66, 82, 107, 133, 136, 138, 145, 153, 180, 181, 202, 213, 263 }
    { 5, 21, 46, 72, 75, 77, 84, 92, 119, 120, 141, 152, 202, 241, 254, 260, 264 }
    { 11, 36, 62, 65, 67, 74, 82, 109, 110, 131, 142, 192, 231, 244, 250, 254, 268 }
    { 4, 5, 26, 37, 87, 126, 139, 145, 149, 163, 179, 204, 230, 233, 235, 242, 250 }
    { 6, 10, 24, 40, 65, 91, 94, 96, 103, 111, 138, 139, 160, 171, 221, 260, 273 }
    { 23, 49, 52, 54, 61, 69, 96, 97, 118, 129, 179, 218, 231, 237, 241, 255, 271 }
    { 24, 27, 29, 36, 44, 71, 72, 93, 104, 154, 193, 206, 212, 216, 230, 246, 271 }
    { 11, 50, 63, 69, 73, 87, 103, 128, 154, 157, 159, 166, 174, 201, 202, 223, 234 }
    { 4, 30, 33, 35, 42, 50, 77, 78, 99, 110, 160, 199, 212, 218, 222, 236, 252 }
    { 9, 59, 98, 111, 117, 121, 135, 151, 176, 202, 205, 207, 214, 222, 249, 250, 271 }
    { 10, 13, 15, 22, 30, 57, 58, 79, 90, 140, 179, 192, 198, 202, 216, 232, 257 }
    { 16, 42, 45, 47, 54, 62, 89, 90, 111, 122, 172, 211, 224, 230, 234, 248, 264 }
    { 18, 21, 23, 30, 38, 65, 66, 87, 98, 148, 187, 200, 206, 210, 224, 240, 265 }
